 1.00000000e+00 -9.99999605e-01  6.28318283e-04 
 1.12201845e+00 -9.99999503e-01  7.04984636e-04 
 1.25892541e+00 -9.99999374e-01  7.91005670e-04 
 1.41253754e+00 -9.99999212e-01  8.87522816e-04 
 1.58489319e+00 -9.99999008e-01  9.95816775e-04 
 1.77827941e+00 -9.99998752e-01  1.11732451e-03 
 1.99526231e+00 -9.99998428e-01  1.25365832e-03 
 2.23872114e+00 -9.99998021e-01  1.40662719e-03 
 2.51188643e+00 -9.99997509e-01  1.57826086e-03 
 2.81838293e+00 -9.99996864e-01  1.77083667e-03 
 3.16227766e+00 -9.99996052e-01  1.98690981e-03 
 3.54813389e+00 -9.99995030e-01  2.22934719e-03 
 3.98107171e+00 -9.99993743e-01  2.50136547e-03 
 4.46683592e+00 -9.99992123e-01  2.80657368e-03 
 5.01187234e+00 -9.99990084e-01  3.14902104e-03 
 5.62341325e+00 -9.99987516e-01  3.53325064e-03 
 6.30957344e+00 -9.99984284e-01  3.96435961e-03 
 7.07945784e+00 -9.99980214e-01  4.44806654e-03 
 7.94328235e+00 -9.99975091e-01  4.99078718e-03 
 8.91250938e+00 -9.99968642e-01  5.59971920e-03 
 1.00000000e+01 -9.99960523e-01  6.28293727e-03 
 1.12201845e+01 -9.99950302e-01  7.04949950e-03 
 1.25892541e+01 -9.99937435e-01  7.90956676e-03 
 1.41253754e+01 -9.99921236e-01  8.87453610e-03 
 1.58489319e+01 -9.99900845e-01  9.95719021e-03 
 1.77827941e+01 -9.99875174e-01  1.11718643e-02 
 1.99526231e+01 -9.99842858e-01  1.25346328e-02 
 2.23872114e+01 -9.99802178e-01  1.40635171e-02 
 2.51188643e+01 -9.99750970e-01  1.57787176e-02 
 2.81838293e+01 -9.99686510e-01  1.77028708e-02 
 3.16227766e+01 -9.99605372e-01  1.98613356e-02 
 3.54813389e+01 -9.99503243e-01  2.22825082e-02 
 3.98107171e+01 -9.99374700e-01  2.49981701e-02 
 4.46683592e+01 -9.99212922e-01  2.80438677e-02 
 5.01187234e+01 -9.99009329e-01  3.14593259e-02 
 5.62341325e+01 -9.98753139e-01  3.52888923e-02 
 6.30957344e+01 -9.98430802e-01  3.95820095e-02 
 7.07945784e+01 -9.98025299e-01  4.43937078e-02 
 7.94328235e+01 -9.97515270e-01  4.97851042e-02 
 8.91250938e+01 -9.96873921e-01  5.58238909e-02 
 1.00000000e+02 -9.96067682e-01  6.25847783e-02 
 1.12201845e+02 -9.95054541e-01  7.01498512e-02 
 1.25892541e+02 -9.93781998e-01  7.86087687e-02 
 1.41253754e+02 -9.92184582e-01  8.80587147e-02 
 1.58489319e+02 -9.90180842e-01  9.86039670e-02 
 1.77827941e+02 -9.87669761e-01  1.10354901e-01 
 1.99526231e+02 -9.84526550e-01  1.23426184e-01 
 2.23872114e+02 -9.80597814e-01  1.37933828e-01 
 2.51188643e+02 -9.75696191e-01  1.53990695e-01 
 2.81838293e+02 -9.69594654e-01  1.71699915e-01 
 3.16227766e+02 -9.62020936e-01  1.91145638e-01 
 3.54813389e+02 -9.52652791e-01  2.12380438e-01 
 3.98107171e+02 -9.41115287e-01  2.35408801e-01 
 4.46683592e+02 -9.26981828e-01  2.60166329e-01 
 5.01187234e+02 -9.09781266e-01  2.86494876e-01 
 5.62341325e+02 -8.89013969e-01  3.14114839e-01 
 6.30957344e+02 -8.64179940e-01  3.42597389e-01 
 7.07945784e+02 -8.34821549e-01  3.71341527e-01 
 7.94328235e+02 -8.00581558e-01  3.99563170e-01 
 8.91250938e+02 -7.61273576e-01  4.26305194e-01 
 1.00000000e+03 -7.16956800e-01  4.50477243e-01 
 1.12201845e+03 -6.68000962e-01  4.70930650e-01 
 1.25892541e+03 -6.15123140e-01  4.86566196e-01 
 1.41253754e+03 -5.59378601e-01  4.96461662e-01 
 1.58489319e+03 -5.02095492e-01  4.99995609e-01 
 1.77827941e+03 -4.44757320e-01  4.96938876e-01 
 1.99526231e+03 -3.88853270e-01  4.87489902e-01 
 2.23872114e+03 -3.35727305e-01  4.72244091e-01 
 2.51188643e+03 -2.86457458e-01  4.52105721e-01 
 2.81838293e+03 -2.41786385e-01  4.28165539e-01 
 3.16227766e+03 -2.02108323e-01  4.01572595e-01 
 3.54813389e+03 -1.67503113e-01  3.73424450e-01 
 3.98107171e+03 -1.37799744e-01  3.44689679e-01 
 4.46683592e+03 -1.12650925e-01  3.16165612e-01 
 5.01187234e+03 -9.16041990e-02  2.88466410e-01 
 5.62341325e+03 -7.41610248e-02  2.62032760e-01 
 6.30957344e+03 -5.98206298e-02  2.37154216e-01 
 7.07945784e+03 -4.81091217e-02  2.13996809e-01 
 7.94328235e+03 -3.85963324e-02  1.92630879e-01 
 8.91250938e+03 -3.09034738e-02  1.73056202e-01 
 1.00000000e+04 -2.47045230e-02  1.55223096e-01 
 1.12201845e+04 -1.97237168e-02  1.39049242e-01 
 1.25892541e+04 -1.57309194e-02  1.24432542e-01 
 1.41253754e+04 -1.25360727e-02  1.11260593e-01 
 1.58489319e+04 -9.98349713e-03  9.94174377e-02 
 1.77827941e+04 -7.94649037e-03  8.87881955e-02 
 1.99526231e+04 -6.32245489e-03  7.92621060e-02 
 2.23872114e+04 -5.02864343e-03  7.07344059e-02 
 2.51188643e+04 -3.99852894e-03  6.31073744e-02 
 2.81838293e+04 -3.17875859e-03  5.62907993e-02 
 3.16227766e+04 -2.52662956e-03  5.02020488e-02 
 3.54813389e+04 -2.00801668e-03  4.47658860e-02 
 3.98107171e+04 -1.59568335e-03  3.99141221e-02 
 4.46683592e+04 -1.26791245e-03  3.55851774e-02 
 5.01187234e+04 -1.00740136e-03  3.17235954e-02 
 5.62341325e+04 -8.00373178e-04  2.82795435e-02 
 6.30957344e+04 -6.35863686e-04  2.52083193e-02 
 7.07945784e+04 -5.05150543e-04  2.24698768e-02 
 7.94328235e+04 -4.01297032e-04  2.00283797e-02 
 8.91250938e+04 -3.18787874e-04  1.78517856e-02 
 1.00000000e+05 -2.53238813e-04  1.59114639e-02 
 1.12201845e+05 -2.01165217e-04  1.41818458e-02 
 1.25892541e+05 -1.59797823e-04  1.26401063e-02 
 1.41253754e+05 -1.26936095e-04  1.12658769e-02 
 1.58489319e+05 -1.00831556e-04  1.00409855e-02 
 1.77827941e+05 -8.00950132e-05  8.94922332e-03 
 1.99526231e+05 -6.36227785e-05  7.97613507e-03 
 2.23872114e+05 -5.05380306e-05  7.10883088e-03 
 2.51188643e+05 -4.01442019e-05  6.33581805e-03 
 2.81838293e+05 -3.18879363e-05  5.64685041e-03 
 3.16227766e+05 -2.53296543e-05  5.03279373e-03 
 3.54813389e+05 -2.01201644e-05  4.48550550e-03 
 3.98107171e+05 -1.59820808e-05  3.99772753e-03 
 4.46683592e+05 -1.26950598e-05  3.56299012e-03 
 5.01187234e+05 -1.00840707e-05  3.17552658e-03 
 5.62341325e+05 -8.01007873e-06  2.83019691e-03 
 6.30957344e+05 -6.36264218e-06  2.52241981e-03 
 7.07945784e+05 -5.05403294e-06  2.24811196e-03 
 7.94328235e+05 -4.01456524e-06  2.00363398e-03 
 8.91250938e+05 -3.18888515e-06  1.78574214e-03 
 1.00000000e+06 -2.53302317e-06  1.59154540e-03 
